name: fewshot_diffusion
channels:
  - pytorch
  - conda-forge
  - defaults
dependencies:
  - blas=2.116=mkl
  - blas-devel=3.9.0=16_win64_mkl
  - brotlipy=0.7.0=py310h8d17308_1005
  - bzip2=1.0.8=h8ffe710_4
  - ca-certificates=2022.12.7=h5b45459_0
  - certifi=2022.12.7=pyhd8ed1ab_0
  - cffi=1.15.1=py310h628cb3f_3
  - charset-normalizer=2.1.1=pyhd8ed1ab_0
  - cryptography=38.0.4=py310h6e82f81_0
  - cudatoolkit=11.6.0=h5c2934b_11
  - freetype=2.12.1=h546665d_1
  - idna=3.4=pyhd8ed1ab_0
  - intel-openmp=2023.0.0=h57928b3_25922
  - jpeg=9e=h8ffe710_2
  - lcms2=2.14=ha5c8aab_1
  - lerc=4.0.0=h63175ca_0
  - libblas=3.9.0=16_win64_mkl
  - libcblas=3.9.0=16_win64_mkl
  - libdeflate=1.14=hcfcfb64_0
  - libffi=3.4.2=h8ffe710_5
  - libhwloc=2.8.0=h039e092_1
  - libiconv=1.17=h8ffe710_0
  - liblapack=3.9.0=16_win64_mkl
  - liblapacke=3.9.0=16_win64_mkl
  - libpng=1.6.39=h19919ed_0
  - libsqlite=3.40.0=hcfcfb64_0
  - libtiff=4.5.0=hc4f729c_0
  - libuv=1.44.2=h8ffe710_0
  - libwebp-base=1.2.4=h8ffe710_0
  - libxcb=1.13=hcd874cb_1004
  - libxml2=2.10.3=hc3477c8_0
  - libzlib=1.2.13=hcfcfb64_4
  - m2w64-gcc-libgfortran=5.3.0=6
  - m2w64-gcc-libs=5.3.0=7
  - m2w64-gcc-libs-core=5.3.0=7
  - m2w64-gmp=6.1.0=2
  - m2w64-libwinpthread-git=5.0.0.4634.697f757=2
  - mkl=2022.1.0=h6a75c08_874
  - mkl-devel=2022.1.0=h57928b3_875
  - mkl-include=2022.1.0=h6a75c08_874
  - msys2-conda-epoch=20160418=1
  - numpy=1.24.0=py310h4a8f9c9_0
  - openjpeg=2.5.0=ha2aaf27_2
  - openssl=3.0.7=hcfcfb64_1
  - pillow=9.2.0=py310hdbb7713_4
  - pip=22.3.1=pyhd8ed1ab_0
  - pthread-stubs=0.4=hcd874cb_1001
  - pthreads-win32=2.9.1=hfa6e2cd_3
  - pycparser=2.21=pyhd8ed1ab_0
  - pyopenssl=22.1.0=pyhd8ed1ab_0
  - pysocks=1.7.1=pyh0701188_6
  - python=3.10.8=h4de0772_0_cpython
  - python_abi=3.10=3_cp310
  - pytorch=1.12.1=py3.10_cuda11.6_cudnn8_0
  - pytorch-mutex=1.0=cuda
  - requests=2.28.1=pyhd8ed1ab_1
  - setuptools=65.6.3=pyhd8ed1ab_0
  - tbb=2021.7.0=h91493d7_1
  - tk=8.6.12=h8ffe710_0
  - torchaudio=0.12.1=py310_cu116
  - torchvision=0.13.1=py310_cu116
  - typing_extensions=4.4.0=pyha770c72_0
  - tzdata=2022g=h191b570_0
  - ucrt=10.0.22621.0=h57928b3_0
  - urllib3=1.26.13=pyhd8ed1ab_0
  - vc=14.3=h3d8a991_9
  - vs2015_runtime=14.32.31332=h1d6e394_9
  - wheel=0.38.4=pyhd8ed1ab_0
  - win_inet_pton=1.1.0=pyhd8ed1ab_6
  - xorg-libxau=1.0.9=hcd874cb_0
  - xorg-libxdmcp=1.1.3=hcd874cb_0
  - xz=5.2.6=h8d14728_0
  - zstd=1.5.2=h7755175_4
  - pip:
    - accelerate==0.15.0
    - albumentations==1.3.0
    - bitsandbytes==0.35.4
    - click==8.1.3
    - colorama==0.4.6
    - diffusers==0.10.0
    - docker-pycreds==0.4.0
    - fairscale==0.4.13
    - filelock==3.8.2
    - gitdb==4.0.10
    - gitpython==3.1.29
    - huggingface-hub==0.11.1
    - imageio==2.23.0
    - importlib-metadata==5.2.0
    - joblib==1.2.0
    - mypy-extensions==0.4.3
    - networkx==2.8.8
    - opencv-python-headless==4.6.0.66
    - packaging==22.0
    - pathtools==0.1.2
    - promise==2.3
    - protobuf==4.21.12
    - psutil==5.9.4
    - pyre-extensions==0.0.23
    - pywavelets==1.4.1
    - pyyaml==6.0
    - qudida==0.0.4
    - regex==2022.10.31
    - scikit-image==0.19.3
    - scikit-learn==1.2.0
    - scipy==1.9.3
    - sentry-sdk==1.12.1
    - setproctitle==1.3.2
    - shortuuid==1.0.11
    - six==1.16.0
    - smmap==5.0.0
    - threadpoolctl==3.1.0
    - tifffile==2022.10.10
    - timm==0.6.12
    - tokenizers==0.13.2
    - tqdm==4.64.1
    - transformers==4.25.1
    - typing-inspect==0.8.0
    - wandb==0.13.7
    - xformers==0.0.15.dev0+8910bb5.d20221124
    - zipp==3.11.0
prefix: D:\Anaconda3\envs\fewshot_diffusion
